184 276 108
8.000000 8.000000 8.000000
7.513076 7.216673 8.386399
8.621610 8.000000 8.783327
8.134686 7.216673 9.169725
8.008009 8.621610 9.270250
7.521085 7.838283 9.656650
7.386399 8.621610 8.486924
6.899475 7.838283 8.873322
-1.470316 -3.000000 -1.711565
-2.758751 -3.000000 -0.181880
-1.586639 -2.235001 -1.809543
-2.875075 -2.235001 -0.279859
-1.917919 -1.586350 -2.088576
-3.206355 -1.586350 -0.558892
-2.413771 -1.152698 -2.506226
-3.702207 -1.152698 -0.976542
-2.998782 -1.000001 -2.998974
-4.287217 -1.000001 -1.469290
-3.583978 -1.151480 -3.491878
-4.872413 -1.151480 -1.962193
-4.080358 -1.584098 -3.909972
-5.368793 -1.584098 -2.380288
-4.412427 -2.232059 -4.189671
-5.700862 -2.232059 -2.659986
-4.529683 -2.996815 -4.288434
-5.818118 -2.996815 -2.758749
-4.414290 -3.762055 -4.191240
-5.702726 -3.762055 -2.661556
-4.083801 -4.411395 -3.912873
-5.372237 -4.411395 -2.383189
-3.588478 -4.846078 -3.495668
-4.876914 -4.846078 -1.965984
-3.003654 -4.999994 -3.003078
-4.292089 -4.999994 -1.473394
-2.418275 -4.849734 -2.510020
-3.706710 -4.849734 -0.980335
-1.921369 -4.418150 -2.091481
-3.209804 -4.418150 -0.561797
-1.588510 -3.770881 -1.811119
-2.876945 -3.770881 -0.281434
3.000000 4.000000 5.000000
3.000000 4.000000 7.000000
5.000000 4.000000 5.000000
5.000000 4.000000 7.000000
5.000000 6.000000 5.000000
5.000000 6.000000 7.000000
3.000000 6.000000 5.000000
3.000000 6.000000 7.000000
-8.000000 -8.000000 -8.000000
-8.000000 -8.000000 -6.000000
-6.000000 -8.000000 -8.000000
-6.000000 -8.000000 -6.000000
-6.000000 -6.000000 -8.000000
-6.000000 -6.000000 -6.000000
-8.000000 -6.000000 -8.000000
-8.000000 -6.000000 -6.000000
6.000000 -3.000000 -3.000000
6.000000 -3.000000 -2.000000
5.771867 -2.235001 -3.000000
5.771867 -2.235001 -2.000000
5.122165 -1.586350 -3.000000
5.122165 -1.586350 -2.000000
4.149705 -1.152698 -3.000000
4.149705 -1.152698 -2.000000
3.002389 -1.000001 -3.000000
3.002389 -1.000001 -2.000000
1.854709 -1.151480 -3.000000
1.854709 -1.151480 -2.000000
0.881215 -1.584098 -3.000000
0.881215 -1.584098 -2.000000
0.229964 -2.232059 -3.000000
0.229964 -2.232059 -2.000000
0.000004 -2.996815 -3.000000
0.000004 -2.996815 -2.000000
0.226309 -3.762055 -3.000000
0.226309 -3.762055 -2.000000
0.874461 -4.411395 -3.000000
0.874461 -4.411395 -2.000000
1.845883 -4.846078 -3.000000
1.845883 -4.846078 -2.000000
2.992833 -4.999994 -3.000000
2.992833 -4.999994 -2.000000
4.140873 -4.849734 -3.000000
4.140873 -4.849734 -2.000000
5.115399 -4.418150 -3.000000
5.115399 -4.418150 -2.000000
5.768198 -3.770881 -3.000000
5.768198 -3.770881 -2.000000
0.000000 3.000000 -3.000000
0.000000 3.000000 0.000000
-0.076044 3.764999 -3.000000
-0.076044 3.764999 0.000000
-0.292612 4.413651 -3.000000
-0.292612 4.413651 0.000000
-0.616765 4.847301 -3.000000
-0.616765 4.847301 0.000000
-0.999204 5.000000 -3.000000
-0.999204 5.000000 0.000000
-1.381764 4.848520 -3.000000
-1.381764 4.848520 0.000000
-1.706262 4.415902 -3.000000
-1.706262 4.415902 0.000000
-1.923345 3.767941 -3.000000
-1.923345 3.767941 0.000000
-1.999999 3.003185 -3.000000
-1.999999 3.003185 0.000000
-1.924564 2.237945 -3.000000
-1.924564 2.237945 0.000000
-1.708513 1.588605 -3.000000
-1.708513 1.588605 0.000000
-1.384706 1.153921 -3.000000
-1.384706 1.153921 0.000000
-1.002389 1.000006 -3.000000
-1.002389 1.000006 0.000000
-0.619709 1.150266 -3.000000
-0.619709 1.150266 0.000000
-0.294867 1.581850 -3.000000
-0.294867 1.581850 0.000000
-0.077267 2.229119 -3.000000
-0.077267 2.229119 0.000000
11.000000 -3.000000 8.000000
11.000000 -3.000000 11.000000
10.771867 -1.852502 8.000000
10.771867 -1.852502 11.000000
10.122165 -0.879524 8.000000
10.122165 -0.879524 11.000000
9.149706 -0.229048 8.000000
9.149706 -0.229048 11.000000
8.002389 -0.000001 8.000000
8.002389 -0.000001 11.000000
6.854709 -0.227220 8.000000
6.854709 -0.227220 11.000000
5.881215 -0.876147 8.000000
5.881215 -0.876147 11.000000
5.229964 -1.848088 8.000000
5.229964 -1.848088 11.000000
5.000004 -2.995222 8.000000
5.000004 -2.995222 11.000000
5.226309 -4.143083 8.000000
5.226309 -4.143083 11.000000
5.874461 -5.117093 8.000000
5.874461 -5.117093 11.000000
6.845883 -5.769118 8.000000
6.845883 -5.769118 11.000000
7.992833 -5.999991 8.000000
7.992833 -5.999991 11.000000
9.140873 -5.774601 8.000000
9.140873 -5.774601 11.000000
10.115399 -5.127224 8.000000
10.115399 -5.127224 11.000000
10.768198 -4.156322 8.000000
10.768198 -4.156322 11.000000
5.000000 3.000000 -3.000000
5.000000 3.000000 -2.000000
4.923956 3.382499 -3.000000
4.923956 3.382499 -2.000000
4.707388 3.706825 -3.000000
4.707388 3.706825 -2.000000
4.383235 3.923651 -3.000000
4.383235 3.923651 -2.000000
4.000796 4.000000 -3.000000
4.000796 4.000000 -2.000000
3.618236 3.924260 -3.000000
3.618236 3.924260 -2.000000
3.293738 3.707951 -3.000000
3.293738 3.707951 -2.000000
3.076655 3.383970 -3.000000
3.076655 3.383970 -2.000000
3.000001 3.001593 -3.000000
3.000001 3.001593 -2.000000
3.075436 2.618973 -3.000000
3.075436 2.618973 -2.000000
3.291487 2.294302 -3.000000
3.291487 2.294302 -2.000000
3.615294 2.076961 -3.000000
3.615294 2.076961 -2.000000
3.997611 2.000003 -3.000000
3.997611 2.000003 -2.000000
4.380291 2.075133 -3.000000
4.380291 2.075133 -2.000000
4.705133 2.290925 -3.000000
4.705133 2.290925 -2.000000
4.922733 2.614559 -3.000000
4.922733 2.614559 -2.000000
0 1
0 2
2 3
3 1
2 4
4 5
5 3
4 6
6 7
7 5
6 0
1 7
8 9
8 10
10 11
11 9
10 12
12 13
13 11
12 14
14 15
15 13
14 16
16 17
17 15
16 18
18 19
19 17
18 20
20 21
21 19
20 22
22 23
23 21
22 24
24 25
25 23
24 26
26 27
27 25
26 28
28 29
29 27
28 30
30 31
31 29
30 32
32 33
33 31
32 34
34 35
35 33
34 36
36 37
37 35
36 38
38 39
39 37
38 8
9 39
40 41
40 42
42 43
43 41
42 44
44 45
45 43
44 46
46 47
47 45
46 40
41 47
48 49
48 50
50 51
51 49
50 52
52 53
53 51
52 54
54 55
55 53
54 48
49 55
56 57
56 58
58 59
59 57
58 60
60 61
61 59
60 62
62 63
63 61
62 64
64 65
65 63
64 66
66 67
67 65
66 68
68 69
69 67
68 70
70 71
71 69
70 72
72 73
73 71
72 74
74 75
75 73
74 76
76 77
77 75
76 78
78 79
79 77
78 80
80 81
81 79
80 82
82 83
83 81
82 84
84 85
85 83
84 86
86 87
87 85
86 56
57 87
88 89
88 90
90 91
91 89
90 92
92 93
93 91
92 94
94 95
95 93
94 96
96 97
97 95
96 98
98 99
99 97
98 100
100 101
101 99
100 102
102 103
103 101
102 104
104 105
105 103
104 106
106 107
107 105
106 108
108 109
109 107
108 110
110 111
111 109
110 112
112 113
113 111
112 114
114 115
115 113
114 116
116 117
117 115
116 118
118 119
119 117
118 88
89 119
120 121
120 122
122 123
123 121
122 124
124 125
125 123
124 126
126 127
127 125
126 128
128 129
129 127
128 130
130 131
131 129
130 132
132 133
133 131
132 134
134 135
135 133
134 136
136 137
137 135
136 138
138 139
139 137
138 140
140 141
141 139
140 142
142 143
143 141
142 144
144 145
145 143
144 146
146 147
147 145
146 148
148 149
149 147
148 150
150 151
151 149
150 120
121 151
152 153
152 154
154 155
155 153
154 156
156 157
157 155
156 158
158 159
159 157
158 160
160 161
161 159
160 162
162 163
163 161
162 164
164 165
165 163
164 166
166 167
167 165
166 168
168 169
169 167
168 170
170 171
171 169
170 172
172 173
173 171
172 174
174 175
175 173
174 176
176 177
177 175
176 178
178 179
179 177
178 180
180 181
181 179
180 182
182 183
183 181
182 152
153 183
4 0 1 2 3 130 0.613601 -0.621610 -0.486924
4 2 4 5 6 130 0.621610 0.000000 0.783327
4 5 7 8 9 130 -0.613601 0.621610 0.486924
4 8 10 0 11 130 -0.621610 0.000000 -0.783327
4 1 4 7 10 130 0.486924 0.783327 -0.386399
4 3 6 9 11 130 -0.486924 -0.783327 0.386399
4 12 13 14 15 110 0.585104 0.152089 0.492826
4 14 16 17 18 110 0.496116 0.433135 0.417873
4 17 19 20 21 110 0.331675 0.648306 0.279366
4 20 22 23 24 110 0.116790 0.764878 0.098371
4 23 25 26 27 110 -0.115858 0.765120 -0.097586
4 26 28 29 30 110 -0.330885 0.648996 -0.278700
4 29 31 32 33 110 -0.495588 0.434167 -0.417428
4 32 34 35 36 110 -0.584917 0.153307 -0.492669
4 35 37 38 39 110 -0.585288 -0.150870 -0.492981
4 38 40 41 42 110 -0.496643 -0.432101 -0.418317
4 41 43 44 45 110 -0.332464 -0.647615 -0.280031
4 44 46 47 48 110 -0.117721 -0.764633 -0.099155
4 47 49 50 51 110 0.114926 -0.765360 0.096801
4 50 52 53 54 110 0.330094 -0.649684 0.278034
4 53 55 56 57 110 0.495058 -0.435199 0.416982
4 56 58 12 59 110 0.589603 -0.154535 0.496615
16 13 16 19 22 25 28 31 34 37 40 43 46 49 52 55 58 110 1.288435 0.000000 -1.529684
16 15 18 21 24 27 30 33 36 39 42 45 48 51 54 57 59 110 -1.288435 0.000000 1.529684
4 60 61 62 63 140 0.000000 -2.000000 0.000000
4 62 64 65 66 140 2.000000 0.000000 0.000000
4 65 67 68 69 140 0.000000 2.000000 0.000000
4 68 70 60 71 140 -2.000000 0.000000 0.000000
4 61 64 67 70 140 0.000000 0.000000 -2.000000
4 63 66 69 71 140 0.000000 0.000000 2.000000
4 72 73 74 75 240 0.000000 -2.000000 0.000000
4 74 76 77 78 240 2.000000 0.000000 0.000000
4 77 79 80 81 240 0.000000 2.000000 0.000000
4 80 82 72 83 240 -2.000000 0.000000 0.000000
4 73 76 79 82 240 0.000000 0.000000 -2.000000
4 75 78 81 83 240 0.000000 0.000000 2.000000
4 84 85 86 87 90 1.147498 0.152089 0.000000
4 86 88 89 90 90 0.972977 0.433135 0.000000
4 89 91 92 93 90 0.650477 0.648306 0.000000
4 92 94 95 96 90 0.229047 0.764878 0.000000
4 95 97 98 99 90 -0.227219 0.765120 0.000000
4 98 100 101 102 90 -0.648927 0.648996 0.000000
4 101 103 104 105 90 -0.971941 0.434167 0.000000
4 104 106 107 108 90 -1.147134 0.153307 0.000000
4 107 109 110 111 90 -1.147860 -0.150870 0.000000
4 110 112 113 114 90 -0.974011 -0.432101 0.000000
4 113 115 116 117 90 -0.652025 -0.647615 0.000000
4 116 118 119 120 90 -0.230874 -0.764633 0.000000
4 119 121 122 123 90 0.225391 -0.765360 0.000000
4 122 124 125 126 90 0.647376 -0.649684 0.000000
4 125 127 128 129 90 0.970903 -0.435199 0.000000
4 128 130 84 131 90 1.156322 -0.154535 0.000000
16 85 88 91 94 97 100 103 106 109 112 115 118 121 124 127 130 90 0.000000 0.000000 -1.000000
16 87 90 93 96 99 102 105 108 111 114 117 120 123 126 129 131 90 0.000000 0.000000 1.000000
4 132 133 134 135 200 0.382499 0.152089 0.000000
4 134 136 137 138 200 0.324326 0.433135 0.000000
4 137 139 140 141 200 0.216826 0.648306 0.000000
4 140 142 143 144 200 0.076349 0.764878 0.000000
4 143 145 146 147 200 -0.075740 0.765120 0.000000
4 146 148 149 150 200 -0.216309 0.648996 0.000000
4 149 151 152 153 200 -0.323980 0.434167 0.000000
4 152 154 155 156 200 -0.382378 0.153307 0.000000
4 155 157 158 159 200 -0.382620 -0.150870 0.000000
4 158 160 161 162 200 -0.324670 -0.432101 0.000000
4 161 163 164 165 200 -0.217342 -0.647615 0.000000
4 164 166 167 168 200 -0.076958 -0.764633 0.000000
4 167 169 170 171 200 0.075130 -0.765360 0.000000
4 170 172 173 174 200 0.215792 -0.649684 0.000000
4 173 175 176 177 200 0.323634 -0.435199 0.000000
4 176 178 132 179 200 0.385441 -0.154535 0.000000
16 133 136 139 142 145 148 151 154 157 160 163 166 169 172 175 178 200 0.000000 0.000000 -3.000000
16 135 138 141 144 147 150 153 156 159 162 165 168 171 174 177 179 200 0.000000 0.000000 3.000000
4 180 181 182 183 240 1.147498 0.228133 0.000000
4 182 184 185 186 240 0.972977 0.649702 0.000000
4 185 187 188 189 240 0.650477 0.972459 0.000000
4 188 190 191 192 240 0.229047 1.147316 0.000000
4 191 193 194 195 240 -0.227219 1.147680 0.000000
4 194 196 197 198 240 -0.648927 0.973494 0.000000
4 197 199 200 201 240 -0.971941 0.651251 0.000000
4 200 202 203 204 240 -1.147134 0.229960 0.000000
4 203 205 206 207 240 -1.147860 -0.226305 0.000000
4 206 208 209 210 240 -0.974011 -0.648152 0.000000
4 209 211 212 213 240 -0.652025 -0.971422 0.000000
4 212 214 215 216 240 -0.230874 -1.146950 0.000000
4 215 217 218 219 240 0.225391 -1.148040 0.000000
4 218 220 221 222 240 0.647376 -0.974526 0.000000
4 221 223 224 225 240 0.970903 -0.652798 0.000000
4 224 226 180 227 240 1.156322 -0.231802 0.000000
16 181 184 187 190 193 196 199 202 205 208 211 214 217 220 223 226 240 0.000000 0.000000 -3.000000
16 183 186 189 192 195 198 201 204 207 210 213 216 219 222 225 227 240 0.000000 0.000000 3.000000
4 228 229 230 231 190 0.382499 0.076044 0.000000
4 230 232 233 234 190 0.324326 0.216567 0.000000
4 233 235 236 237 190 0.216826 0.324153 0.000000
4 236 238 239 240 190 0.076349 0.382439 0.000000
4 239 241 242 243 190 -0.075740 0.382560 0.000000
4 242 244 245 246 190 -0.216309 0.324498 0.000000
4 245 247 248 249 190 -0.323980 0.217084 0.000000
4 248 250 251 252 190 -0.382378 0.076653 0.000000
4 251 253 254 255 190 -0.382620 -0.075435 0.000000
4 254 256 257 258 190 -0.324670 -0.216051 0.000000
4 257 259 260 261 190 -0.217342 -0.323807 0.000000
4 260 262 263 264 190 -0.076958 -0.382317 0.000000
4 263 265 266 267 190 0.075130 -0.382680 0.000000
4 266 268 269 270 190 0.215792 -0.324842 0.000000
4 269 271 272 273 190 0.323634 -0.217599 0.000000
4 272 274 228 275 190 0.385441 -0.077267 0.000000
16 229 232 235 238 241 244 247 250 253 256 259 262 265 268 271 274 190 0.000000 0.000000 -1.000000
16 231 234 237 240 243 246 249 252 255 258 261 264 267 270 273 275 190 0.000000 0.000000 1.000000
