168 438 292
-15.000000 -2.000000 -19.000000
15.000000 -2.000000 -19.000000
-15.000000 0.000000 -19.000000
15.000000 0.000000 -19.000000
-15.000000 -2.000000 19.000000
15.000000 -2.000000 19.000000
-15.000000 0.000000 19.000000
15.000000 0.000000 19.000000
-2.000000 0.000000 -2.000000
2.000000 0.000000 -2.000000
-2.000000 4.000000 -2.000000
2.000000 4.000000 -2.000000
-2.000000 0.000000 2.000000
2.000000 0.000000 2.000000
-2.000000 4.000000 2.000000
2.000000 4.000000 2.000000
-2.500000 0.000000 12.500000
2.500000 0.000000 12.500000
-2.500000 5.000000 12.500000
2.500000 5.000000 12.500000
-2.500000 0.000000 17.500000
2.500000 0.000000 17.500000
-2.500000 5.000000 17.500000
2.500000 5.000000 17.500000
-7.000000 0.000000 -15.000000
-5.500000 0.000000 -15.000000
-5.939340 0.000000 -16.060660
-7.000000 0.000000 -16.500000
-8.060660 0.000000 -16.060660
-8.500000 0.000000 -15.000000
-8.060660 -0.000000 -13.939340
-7.000000 -0.000000 -13.500000
-5.939340 -0.000000 -13.939340
-7.000000 10.000000 -15.000000
-5.500000 10.000000 -15.000000
-5.939340 10.000000 -16.060660
-7.000000 10.000000 -16.500000
-8.060660 10.000000 -16.060660
-8.500000 10.000000 -15.000000
-8.060660 10.000000 -13.939340
-7.000000 10.000000 -13.500000
-5.939340 10.000000 -13.939340
-7.000000 0.000000 -5.000000
-5.500000 0.000000 -5.000000
-5.939340 0.000000 -6.060660
-7.000000 0.000000 -6.500000
-8.060660 0.000000 -6.060660
-8.500000 0.000000 -5.000000
-8.060660 -0.000000 -3.939340
-7.000000 -0.000000 -3.500000
-5.939340 -0.000000 -3.939340
-7.000000 10.000000 -5.000000
-5.500000 10.000000 -5.000000
-5.939340 10.000000 -6.060660
-7.000000 10.000000 -6.500000
-8.060660 10.000000 -6.060660
-8.500000 10.000000 -5.000000
-8.060660 10.000000 -3.939340
-7.000000 10.000000 -3.500000
-5.939340 10.000000 -3.939340
-7.000000 0.000000 5.000000
-5.500000 0.000000 5.000000
-5.939340 0.000000 3.939340
-7.000000 0.000000 3.500000
-8.060660 0.000000 3.939340
-8.500000 0.000000 5.000000
-8.060660 -0.000000 6.060660
-7.000000 -0.000000 6.500000
-5.939340 -0.000000 6.060660
-7.000000 10.000000 5.000000
-5.500000 10.000000 5.000000
-5.939340 10.000000 3.939340
-7.000000 10.000000 3.500000
-8.060660 10.000000 3.939340
-8.500000 10.000000 5.000000
-8.060660 10.000000 6.060660
-7.000000 10.000000 6.500000
-5.939340 10.000000 6.060660
-7.000000 0.000000 15.000000
-5.500000 0.000000 15.000000
-5.939340 0.000000 13.939340
-7.000000 0.000000 13.500000
-8.060660 0.000000 13.939340
-8.500000 0.000000 15.000000
-8.060660 -0.000000 16.060660
-7.000000 -0.000000 16.500000
-5.939340 -0.000000 16.060660
-7.000000 10.000000 15.000000
-5.500000 10.000000 15.000000
-5.939340 10.000000 13.939340
-7.000000 10.000000 13.500000
-8.060660 10.000000 13.939340
-8.500000 10.000000 15.000000
-8.060660 10.000000 16.060660
-7.000000 10.000000 16.500000
-5.939340 10.000000 16.060660
7.000000 0.000000 -15.000000
8.500000 0.000000 -15.000000
8.060660 0.000000 -16.060660
7.000000 0.000000 -16.500000
5.939340 0.000000 -16.060660
5.500000 0.000000 -15.000000
5.939340 -0.000000 -13.939340
7.000000 -0.000000 -13.500000
8.060660 -0.000000 -13.939340
7.000000 10.000000 -15.000000
8.500000 10.000000 -15.000000
8.060660 10.000000 -16.060660
7.000000 10.000000 -16.500000
5.939340 10.000000 -16.060660
5.500000 10.000000 -15.000000
5.939340 10.000000 -13.939340
7.000000 10.000000 -13.500000
8.060660 10.000000 -13.939340
7.000000 0.000000 -5.000000
8.500000 0.000000 -5.000000
8.060660 0.000000 -6.060660
7.000000 0.000000 -6.500000
5.939340 0.000000 -6.060660
5.500000 0.000000 -5.000000
5.939340 -0.000000 -3.939340
7.000000 -0.000000 -3.500000
8.060660 -0.000000 -3.939340
7.000000 10.000000 -5.000000
8.500000 10.000000 -5.000000
8.060660 10.000000 -6.060660
7.000000 10.000000 -6.500000
5.939340 10.000000 -6.060660
5.500000 10.000000 -5.000000
5.939340 10.000000 -3.939340
7.000000 10.000000 -3.500000
8.060660 10.000000 -3.939340
7.000000 0.000000 5.000000
8.500000 0.000000 5.000000
8.060660 0.000000 3.939340
7.000000 0.000000 3.500000
5.939340 0.000000 3.939340
5.500000 0.000000 5.000000
5.939340 -0.000000 6.060660
7.000000 -0.000000 6.500000
8.060660 -0.000000 6.060660
7.000000 10.000000 5.000000
8.500000 10.000000 5.000000
8.060660 10.000000 3.939340
7.000000 10.000000 3.500000
5.939340 10.000000 3.939340
5.500000 10.000000 5.000000
5.939340 10.000000 6.060660
7.000000 10.000000 6.500000
8.060660 10.000000 6.060660
7.000000 0.000000 15.000000
8.500000 0.000000 15.000000
8.060660 0.000000 13.939340
7.000000 0.000000 13.500000
5.939340 0.000000 13.939340
5.500000 0.000000 15.000000
5.939340 -0.000000 16.060660
7.000000 -0.000000 16.500000
8.060660 -0.000000 16.060660
7.000000 10.000000 15.000000
8.500000 10.000000 15.000000
8.060660 10.000000 13.939340
7.000000 10.000000 13.500000
5.939340 10.000000 13.939340
5.500000 10.000000 15.000000
5.939340 10.000000 16.060660
7.000000 10.000000 16.500000
8.060660 10.000000 16.060660
0 1
0 2
1 3
2 3
4 5
4 6
5 7
6 7
0 4
1 5
2 6
3 7
0 3
5 6
4 2
1 7
4 1
2 7
8 9
8 10
9 11
10 11
12 13
12 14
13 15
14 15
8 12
9 13
10 14
11 15
8 11
13 14
12 10
9 15
12 9
10 15
16 17
16 18
17 19
18 19
20 21
20 22
21 23
22 23
16 20
17 21
18 22
19 23
16 19
21 22
20 18
17 23
20 17
18 23
24 25
24 26
24 27
24 28
24 29
24 30
24 31
24 32
25 26
26 27
27 28
28 29
29 30
30 31
31 32
32 25
33 34
33 35
33 36
33 37
33 38
33 39
33 40
33 41
34 35
35 36
36 37
37 38
38 39
39 40
40 41
41 34
25 34
26 35
27 36
28 37
29 38
30 39
31 40
32 41
25 35
26 36
27 37
28 38
29 39
30 40
31 41
32 34
42 43
42 44
42 45
42 46
42 47
42 48
42 49
42 50
43 44
44 45
45 46
46 47
47 48
48 49
49 50
50 43
51 52
51 53
51 54
51 55
51 56
51 57
51 58
51 59
52 53
53 54
54 55
55 56
56 57
57 58
58 59
59 52
43 52
44 53
45 54
46 55
47 56
48 57
49 58
50 59
43 53
44 54
45 55
46 56
47 57
48 58
49 59
50 52
60 61
60 62
60 63
60 64
60 65
60 66
60 67
60 68
61 62
62 63
63 64
64 65
65 66
66 67
67 68
68 61
69 70
69 71
69 72
69 73
69 74
69 75
69 76
69 77
70 71
71 72
72 73
73 74
74 75
75 76
76 77
77 70
61 70
62 71
63 72
64 73
65 74
66 75
67 76
68 77
61 71
62 72
63 73
64 74
65 75
66 76
67 77
68 70
78 79
78 80
78 81
78 82
78 83
78 84
78 85
78 86
79 80
80 81
81 82
82 83
83 84
84 85
85 86
86 79
87 88
87 89
87 90
87 91
87 92
87 93
87 94
87 95
88 89
89 90
90 91
91 92
92 93
93 94
94 95
95 88
79 88
80 89
81 90
82 91
83 92
84 93
85 94
86 95
79 89
80 90
81 91
82 92
83 93
84 94
85 95
86 88
96 97
96 98
96 99
96 100
96 101
96 102
96 103
96 104
97 98
98 99
99 100
100 101
101 102
102 103
103 104
104 97
105 106
105 107
105 108
105 109
105 110
105 111
105 112
105 113
106 107
107 108
108 109
109 110
110 111
111 112
112 113
113 106
97 106
98 107
99 108
100 109
101 110
102 111
103 112
104 113
97 107
98 108
99 109
100 110
101 111
102 112
103 113
104 106
114 115
114 116
114 117
114 118
114 119
114 120
114 121
114 122
115 116
116 117
117 118
118 119
119 120
120 121
121 122
122 115
123 124
123 125
123 126
123 127
123 128
123 129
123 130
123 131
124 125
125 126
126 127
127 128
128 129
129 130
130 131
131 124
115 124
116 125
117 126
118 127
119 128
120 129
121 130
122 131
115 125
116 126
117 127
118 128
119 129
120 130
121 131
122 124
132 133
132 134
132 135
132 136
132 137
132 138
132 139
132 140
133 134
134 135
135 136
136 137
137 138
138 139
139 140
140 133
141 142
141 143
141 144
141 145
141 146
141 147
141 148
141 149
142 143
143 144
144 145
145 146
146 147
147 148
148 149
149 142
133 142
134 143
135 144
136 145
137 146
138 147
139 148
140 149
133 143
134 144
135 145
136 146
137 147
138 148
139 149
140 142
150 151
150 152
150 153
150 154
150 155
150 156
150 157
150 158
151 152
152 153
153 154
154 155
155 156
156 157
157 158
158 151
159 160
159 161
159 162
159 163
159 164
159 165
159 166
159 167
160 161
161 162
162 163
163 164
164 165
165 166
166 167
167 160
151 160
152 161
153 162
154 163
155 164
156 165
157 166
158 167
151 161
152 162
153 163
154 164
155 165
156 166
157 167
158 160
3 0 2 12 0 1 3 5 0.000000 0.000000 -1.000000
3 3 1 12 3 2 0 5 0.000000 0.000000 -1.000000
3 4 5 13 5 4 6 5 0.000000 0.000000 1.000000
3 13 6 7 6 7 5 5 0.000000 0.000000 1.000000
3 14 8 1 4 0 2 5 -1.000000 0.000000 0.000000
3 10 14 5 2 6 4 5 -1.000000 -0.000000 -0.000000
3 15 6 9 1 5 7 5 1.000000 -0.000000 0.000000
3 15 2 11 7 3 1 5 1.000000 0.000000 -0.000000
3 16 9 4 4 5 1 5 -0.000000 -1.000000 -0.000000
3 16 8 0 1 0 4 5 0.000000 -1.000000 0.000000
3 17 11 3 2 3 7 5 0.000000 1.000000 -0.000000
3 17 10 7 7 6 2 5 -0.000000 1.000000 0.000000
3 18 20 30 8 9 11 6 0.000000 0.000000 -1.000000
3 21 19 30 11 10 8 6 0.000000 0.000000 -1.000000
3 22 23 31 13 12 14 6 0.000000 0.000000 1.000000
3 31 24 25 14 15 13 6 0.000000 0.000000 1.000000
3 32 26 19 12 8 10 6 -1.000000 0.000000 0.000000
3 28 32 23 10 14 12 6 -1.000000 -0.000000 -0.000000
3 33 24 27 9 13 15 6 1.000000 -0.000000 0.000000
3 33 20 29 15 11 9 6 1.000000 0.000000 -0.000000
3 34 27 22 12 13 9 6 -0.000000 -1.000000 -0.000000
3 34 26 18 9 8 12 6 0.000000 -1.000000 0.000000
3 35 29 21 10 11 15 6 0.000000 1.000000 -0.000000
3 35 28 25 15 14 10 6 -0.000000 1.000000 0.000000
3 36 38 48 16 17 19 8 0.000000 0.000000 -1.000000
3 39 37 48 19 18 16 8 0.000000 0.000000 -1.000000
3 40 41 49 21 20 22 8 0.000000 0.000000 1.000000
3 49 42 43 22 23 21 8 0.000000 0.000000 1.000000
3 50 44 37 20 16 18 8 -1.000000 0.000000 0.000000
3 46 50 41 18 22 20 8 -1.000000 -0.000000 -0.000000
3 51 42 45 17 21 23 8 1.000000 -0.000000 0.000000
3 51 38 47 23 19 17 8 1.000000 0.000000 -0.000000
3 52 45 40 20 21 17 8 -0.000000 -1.000000 -0.000000
3 52 44 36 17 16 20 8 0.000000 -1.000000 0.000000
3 53 47 39 18 19 23 8 0.000000 1.000000 -0.000000
3 53 46 43 23 22 18 8 -0.000000 1.000000 0.000000
3 54 55 62 26 24 25 7 0.000000 -1.000000 -0.000000
3 55 56 63 27 24 26 7 0.000000 -1.000000 -0.000000
3 56 57 64 28 24 27 7 0.000000 -1.000000 -0.000000
3 57 58 65 29 24 28 7 0.000000 -1.000000 -0.000000
3 58 59 66 30 24 29 7 0.000000 -1.000000 -0.000000
3 59 60 67 31 24 30 7 0.000000 -1.000000 -0.000000
3 60 61 68 32 24 31 7 -0.000000 -1.000000 -0.000000
3 61 54 69 25 24 32 7 0.000000 -1.000000 -0.000000
3 70 71 78 34 33 35 7 -0.000000 1.000000 0.000000
3 71 72 79 35 33 36 7 0.000000 1.000000 0.000000
3 72 73 80 36 33 37 7 -0.000000 1.000000 0.000000
3 73 74 81 37 33 38 7 -0.000000 1.000000 0.000000
3 74 75 82 38 33 39 7 -0.000000 1.000000 0.000000
3 75 76 83 39 33 40 7 0.000000 1.000000 0.000000
3 76 77 84 40 33 41 7 0.000000 1.000000 0.000000
3 77 70 85 41 33 34 7 -0.000000 1.000000 0.000000
3 86 94 78 25 34 35 7 0.923880 0.000000 -0.382683
3 87 95 79 26 35 36 7 0.382683 0.000000 -0.923880
3 88 96 80 27 36 37 7 -0.382683 0.000000 -0.923880
3 89 97 81 28 37 38 7 -0.923880 0.000000 -0.382683
3 90 98 82 29 38 39 7 -0.923880 -0.000000 0.382683
3 91 99 83 30 39 40 7 -0.382684 -0.000000 0.923880
3 92 100 84 31 40 41 7 0.382683 -0.000000 0.923880
3 93 101 85 32 41 34 7 0.923880 -0.000000 0.382683
3 94 87 62 35 26 25 7 0.923880 0.000000 -0.382683
3 95 88 63 36 27 26 7 0.382683 0.000000 -0.923880
3 96 89 64 37 28 27 7 -0.382683 0.000000 -0.923880
3 97 90 65 38 29 28 7 -0.923880 0.000000 -0.382683
3 98 91 66 39 30 29 7 -0.923880 -0.000000 0.382683
3 99 92 67 40 31 30 7 -0.382684 -0.000000 0.923880
3 100 93 68 41 32 31 7 0.382683 -0.000000 0.923880
3 101 86 69 34 25 32 7 0.923880 -0.000000 0.382683
3 102 103 110 44 42 43 7 0.000000 -1.000000 -0.000000
3 103 104 111 45 42 44 7 0.000000 -1.000000 -0.000000
3 104 105 112 46 42 45 7 0.000000 -1.000000 -0.000000
3 105 106 113 47 42 46 7 0.000000 -1.000000 -0.000000
3 106 107 114 48 42 47 7 0.000000 -1.000000 -0.000000
3 107 108 115 49 42 48 7 0.000000 -1.000000 -0.000000
3 108 109 116 50 42 49 7 -0.000000 -1.000000 -0.000000
3 109 102 117 43 42 50 7 0.000000 -1.000000 -0.000000
3 118 119 126 52 51 53 7 -0.000000 1.000000 0.000000
3 119 120 127 53 51 54 7 0.000000 1.000000 0.000000
3 120 121 128 54 51 55 7 -0.000000 1.000000 0.000000
3 121 122 129 55 51 56 7 -0.000000 1.000000 0.000000
3 122 123 130 56 51 57 7 -0.000000 1.000000 0.000000
3 123 124 131 57 51 58 7 0.000000 1.000000 0.000000
3 124 125 132 58 51 59 7 0.000000 1.000000 0.000000
3 125 118 133 59 51 52 7 -0.000000 1.000000 0.000000
3 134 142 126 43 52 53 7 0.923880 0.000000 -0.382683
3 135 143 127 44 53 54 7 0.382683 0.000000 -0.923880
3 136 144 128 45 54 55 7 -0.382683 0.000000 -0.923880
3 137 145 129 46 55 56 7 -0.923880 0.000000 -0.382683
3 138 146 130 47 56 57 7 -0.923880 -0.000000 0.382683
3 139 147 131 48 57 58 7 -0.382684 -0.000000 0.923880
3 140 148 132 49 58 59 7 0.382683 -0.000000 0.923880
3 141 149 133 50 59 52 7 0.923880 -0.000000 0.382683
3 142 135 110 53 44 43 7 0.923880 0.000000 -0.382683
3 143 136 111 54 45 44 7 0.382683 0.000000 -0.923880
3 144 137 112 55 46 45 7 -0.382683 0.000000 -0.923880
3 145 138 113 56 47 46 7 -0.923880 0.000000 -0.382683
3 146 139 114 57 48 47 7 -0.923880 -0.000000 0.382683
3 147 140 115 58 49 48 7 -0.382684 -0.000000 0.923880
3 148 141 116 59 50 49 7 0.382683 -0.000000 0.923880
3 149 134 117 52 43 50 7 0.923880 -0.000000 0.382683
3 150 151 158 62 60 61 7 0.000000 -1.000000 -0.000000
3 151 152 159 63 60 62 7 0.000000 -1.000000 -0.000000
3 152 153 160 64 60 63 7 0.000000 -1.000000 -0.000000
3 153 154 161 65 60 64 7 0.000000 -1.000000 -0.000000
3 154 155 162 66 60 65 7 0.000000 -1.000000 -0.000000
3 155 156 163 67 60 66 7 0.000000 -1.000000 -0.000000
3 156 157 164 68 60 67 7 -0.000000 -1.000000 -0.000000
3 157 150 165 61 60 68 7 0.000000 -1.000000 -0.000000
3 166 167 174 70 69 71 7 -0.000000 1.000000 0.000000
3 167 168 175 71 69 72 7 0.000000 1.000000 0.000000
3 168 169 176 72 69 73 7 -0.000000 1.000000 0.000000
3 169 170 177 73 69 74 7 -0.000000 1.000000 0.000000
3 170 171 178 74 69 75 7 -0.000000 1.000000 0.000000
3 171 172 179 75 69 76 7 0.000000 1.000000 0.000000
3 172 173 180 76 69 77 7 0.000000 1.000000 0.000000
3 173 166 181 77 69 70 7 -0.000000 1.000000 0.000000
3 182 190 174 61 70 71 7 0.923880 0.000000 -0.382683
3 183 191 175 62 71 72 7 0.382683 0.000000 -0.923880
3 184 192 176 63 72 73 7 -0.382683 0.000000 -0.923880
3 185 193 177 64 73 74 7 -0.923880 0.000000 -0.382683
3 186 194 178 65 74 75 7 -0.923880 -0.000000 0.382683
3 187 195 179 66 75 76 7 -0.382684 -0.000000 0.923880
3 188 196 180 67 76 77 7 0.382683 -0.000000 0.923880
3 189 197 181 68 77 70 7 0.923880 -0.000000 0.382683
3 190 183 158 71 62 61 7 0.923880 0.000000 -0.382683
3 191 184 159 72 63 62 7 0.382683 0.000000 -0.923880
3 192 185 160 73 64 63 7 -0.382683 0.000000 -0.923880
3 193 186 161 74 65 64 7 -0.923880 0.000000 -0.382683
3 194 187 162 75 66 65 7 -0.923880 -0.000000 0.382683
3 195 188 163 76 67 66 7 -0.382684 -0.000000 0.923880
3 196 189 164 77 68 67 7 0.382683 -0.000000 0.923880
3 197 182 165 70 61 68 7 0.923880 -0.000000 0.382683
3 198 199 206 80 78 79 7 0.000000 -1.000000 -0.000000
3 199 200 207 81 78 80 7 0.000000 -1.000000 -0.000000
3 200 201 208 82 78 81 7 0.000000 -1.000000 -0.000000
3 201 202 209 83 78 82 7 0.000000 -1.000000 -0.000000
3 202 203 210 84 78 83 7 0.000000 -1.000000 -0.000000
3 203 204 211 85 78 84 7 0.000000 -1.000000 -0.000000
3 204 205 212 86 78 85 7 -0.000000 -1.000000 -0.000000
3 205 198 213 79 78 86 7 0.000000 -1.000000 -0.000000
3 214 215 222 88 87 89 7 -0.000000 1.000000 0.000000
3 215 216 223 89 87 90 7 0.000000 1.000000 0.000000
3 216 217 224 90 87 91 7 -0.000000 1.000000 0.000000
3 217 218 225 91 87 92 7 -0.000000 1.000000 0.000000
3 218 219 226 92 87 93 7 -0.000000 1.000000 0.000000
3 219 220 227 93 87 94 7 0.000000 1.000000 0.000000
3 220 221 228 94 87 95 7 0.000000 1.000000 0.000000
3 221 214 229 95 87 88 7 -0.000000 1.000000 0.000000
3 230 238 222 79 88 89 7 0.923880 0.000000 -0.382683
3 231 239 223 80 89 90 7 0.382683 0.000000 -0.923880
3 232 240 224 81 90 91 7 -0.382683 0.000000 -0.923880
3 233 241 225 82 91 92 7 -0.923880 0.000000 -0.382683
3 234 242 226 83 92 93 7 -0.923880 -0.000000 0.382683
3 235 243 227 84 93 94 7 -0.382684 -0.000000 0.923880
3 236 244 228 85 94 95 7 0.382683 -0.000000 0.923880
3 237 245 229 86 95 88 7 0.923880 -0.000000 0.382683
3 238 231 206 89 80 79 7 0.923880 0.000000 -0.382683
3 239 232 207 90 81 80 7 0.382683 0.000000 -0.923880
3 240 233 208 91 82 81 7 -0.382683 0.000000 -0.923880
3 241 234 209 92 83 82 7 -0.923880 0.000000 -0.382683
3 242 235 210 93 84 83 7 -0.923880 -0.000000 0.382683
3 243 236 211 94 85 84 7 -0.382684 -0.000000 0.923880
3 244 237 212 95 86 85 7 0.382683 -0.000000 0.923880
3 245 230 213 88 79 86 7 0.923880 -0.000000 0.382683
3 246 247 254 98 96 97 7 0.000000 -1.000000 -0.000000
3 247 248 255 99 96 98 7 0.000000 -1.000000 -0.000000
3 248 249 256 100 96 99 7 0.000000 -1.000000 -0.000000
3 249 250 257 101 96 100 7 0.000000 -1.000000 -0.000000
3 250 251 258 102 96 101 7 0.000000 -1.000000 -0.000000
3 251 252 259 103 96 102 7 0.000000 -1.000000 -0.000000
3 252 253 260 104 96 103 7 -0.000000 -1.000000 -0.000000
3 253 246 261 97 96 104 7 0.000000 -1.000000 -0.000000
3 262 263 270 106 105 107 7 -0.000000 1.000000 0.000000
3 263 264 271 107 105 108 7 0.000000 1.000000 0.000000
3 264 265 272 108 105 109 7 -0.000000 1.000000 0.000000
3 265 266 273 109 105 110 7 -0.000000 1.000000 0.000000
3 266 267 274 110 105 111 7 -0.000000 1.000000 0.000000
3 267 268 275 111 105 112 7 0.000000 1.000000 0.000000
3 268 269 276 112 105 113 7 0.000000 1.000000 0.000000
3 269 262 277 113 105 106 7 -0.000000 1.000000 0.000000
3 278 286 270 97 106 107 7 0.923880 0.000000 -0.382683
3 279 287 271 98 107 108 7 0.382683 0.000000 -0.923880
3 280 288 272 99 108 109 7 -0.382683 0.000000 -0.923880
3 281 289 273 100 109 110 7 -0.923880 0.000000 -0.382683
3 282 290 274 101 110 111 7 -0.923880 -0.000000 0.382683
3 283 291 275 102 111 112 7 -0.382684 -0.000000 0.923880
3 284 292 276 103 112 113 7 0.382683 -0.000000 0.923880
3 285 293 277 104 113 106 7 0.923880 -0.000000 0.382683
3 286 279 254 107 98 97 7 0.923880 0.000000 -0.382683
3 287 280 255 108 99 98 7 0.382683 0.000000 -0.923880
3 288 281 256 109 100 99 7 -0.382683 0.000000 -0.923880
3 289 282 257 110 101 100 7 -0.923880 0.000000 -0.382683
3 290 283 258 111 102 101 7 -0.923880 -0.000000 0.382683
3 291 284 259 112 103 102 7 -0.382684 -0.000000 0.923880
3 292 285 260 113 104 103 7 0.382683 -0.000000 0.923880
3 293 278 261 106 97 104 7 0.923880 -0.000000 0.382683
3 294 295 302 116 114 115 7 0.000000 -1.000000 -0.000000
3 295 296 303 117 114 116 7 0.000000 -1.000000 -0.000000
3 296 297 304 118 114 117 7 0.000000 -1.000000 -0.000000
3 297 298 305 119 114 118 7 0.000000 -1.000000 -0.000000
3 298 299 306 120 114 119 7 0.000000 -1.000000 -0.000000
3 299 300 307 121 114 120 7 0.000000 -1.000000 -0.000000
3 300 301 308 122 114 121 7 -0.000000 -1.000000 -0.000000
3 301 294 309 115 114 122 7 0.000000 -1.000000 -0.000000
3 310 311 318 124 123 125 7 -0.000000 1.000000 0.000000
3 311 312 319 125 123 126 7 0.000000 1.000000 0.000000
3 312 313 320 126 123 127 7 -0.000000 1.000000 0.000000
3 313 314 321 127 123 128 7 -0.000000 1.000000 0.000000
3 314 315 322 128 123 129 7 -0.000000 1.000000 0.000000
3 315 316 323 129 123 130 7 0.000000 1.000000 0.000000
3 316 317 324 130 123 131 7 0.000000 1.000000 0.000000
3 317 310 325 131 123 124 7 -0.000000 1.000000 0.000000
3 326 334 318 115 124 125 7 0.923880 0.000000 -0.382683
3 327 335 319 116 125 126 7 0.382683 0.000000 -0.923880
3 328 336 320 117 126 127 7 -0.382683 0.000000 -0.923880
3 329 337 321 118 127 128 7 -0.923880 0.000000 -0.382683
3 330 338 322 119 128 129 7 -0.923880 -0.000000 0.382683
3 331 339 323 120 129 130 7 -0.382684 -0.000000 0.923880
3 332 340 324 121 130 131 7 0.382683 -0.000000 0.923880
3 333 341 325 122 131 124 7 0.923880 -0.000000 0.382683
3 334 327 302 125 116 115 7 0.923880 0.000000 -0.382683
3 335 328 303 126 117 116 7 0.382683 0.000000 -0.923880
3 336 329 304 127 118 117 7 -0.382683 0.000000 -0.923880
3 337 330 305 128 119 118 7 -0.923880 0.000000 -0.382683
3 338 331 306 129 120 119 7 -0.923880 -0.000000 0.382683
3 339 332 307 130 121 120 7 -0.382684 -0.000000 0.923880
3 340 333 308 131 122 121 7 0.382683 -0.000000 0.923880
3 341 326 309 124 115 122 7 0.923880 -0.000000 0.382683
3 342 343 350 134 132 133 7 0.000000 -1.000000 -0.000000
3 343 344 351 135 132 134 7 0.000000 -1.000000 -0.000000
3 344 345 352 136 132 135 7 0.000000 -1.000000 -0.000000
3 345 346 353 137 132 136 7 0.000000 -1.000000 -0.000000
3 346 347 354 138 132 137 7 0.000000 -1.000000 -0.000000
3 347 348 355 139 132 138 7 0.000000 -1.000000 -0.000000
3 348 349 356 140 132 139 7 -0.000000 -1.000000 -0.000000
3 349 342 357 133 132 140 7 0.000000 -1.000000 -0.000000
3 358 359 366 142 141 143 7 -0.000000 1.000000 0.000000
3 359 360 367 143 141 144 7 0.000000 1.000000 0.000000
3 360 361 368 144 141 145 7 -0.000000 1.000000 0.000000
3 361 362 369 145 141 146 7 -0.000000 1.000000 0.000000
3 362 363 370 146 141 147 7 -0.000000 1.000000 0.000000
3 363 364 371 147 141 148 7 0.000000 1.000000 0.000000
3 364 365 372 148 141 149 7 0.000000 1.000000 0.000000
3 365 358 373 149 141 142 7 -0.000000 1.000000 0.000000
3 374 382 366 133 142 143 7 0.923880 0.000000 -0.382683
3 375 383 367 134 143 144 7 0.382683 0.000000 -0.923880
3 376 384 368 135 144 145 7 -0.382683 0.000000 -0.923880
3 377 385 369 136 145 146 7 -0.923880 0.000000 -0.382683
3 378 386 370 137 146 147 7 -0.923880 -0.000000 0.382683
3 379 387 371 138 147 148 7 -0.382684 -0.000000 0.923880
3 380 388 372 139 148 149 7 0.382683 -0.000000 0.923880
3 381 389 373 140 149 142 7 0.923880 -0.000000 0.382683
3 382 375 350 143 134 133 7 0.923880 0.000000 -0.382683
3 383 376 351 144 135 134 7 0.382683 0.000000 -0.923880
3 384 377 352 145 136 135 7 -0.382683 0.000000 -0.923880
3 385 378 353 146 137 136 7 -0.923880 0.000000 -0.382683
3 386 379 354 147 138 137 7 -0.923880 -0.000000 0.382683
3 387 380 355 148 139 138 7 -0.382684 -0.000000 0.923880
3 388 381 356 149 140 139 7 0.382683 -0.000000 0.923880
3 389 374 357 142 133 140 7 0.923880 -0.000000 0.382683
3 390 391 398 152 150 151 7 0.000000 -1.000000 -0.000000
3 391 392 399 153 150 152 7 0.000000 -1.000000 -0.000000
3 392 393 400 154 150 153 7 0.000000 -1.000000 -0.000000
3 393 394 401 155 150 154 7 0.000000 -1.000000 -0.000000
3 394 395 402 156 150 155 7 0.000000 -1.000000 -0.000000
3 395 396 403 157 150 156 7 0.000000 -1.000000 -0.000000
3 396 397 404 158 150 157 7 -0.000000 -1.000000 -0.000000
3 397 390 405 151 150 158 7 0.000000 -1.000000 -0.000000
3 406 407 414 160 159 161 7 -0.000000 1.000000 0.000000
3 407 408 415 161 159 162 7 0.000000 1.000000 0.000000
3 408 409 416 162 159 163 7 -0.000000 1.000000 0.000000
3 409 410 417 163 159 164 7 -0.000000 1.000000 0.000000
3 410 411 418 164 159 165 7 -0.000000 1.000000 0.000000
3 411 412 419 165 159 166 7 0.000000 1.000000 0.000000
3 412 413 420 166 159 167 7 0.000000 1.000000 0.000000
3 413 406 421 167 159 160 7 -0.000000 1.000000 0.000000
3 422 430 414 151 160 161 7 0.923880 0.000000 -0.382683
3 423 431 415 152 161 162 7 0.382683 0.000000 -0.923880
3 424 432 416 153 162 163 7 -0.382683 0.000000 -0.923880
3 425 433 417 154 163 164 7 -0.923880 0.000000 -0.382683
3 426 434 418 155 164 165 7 -0.923880 -0.000000 0.382683
3 427 435 419 156 165 166 7 -0.382684 -0.000000 0.923880
3 428 436 420 157 166 167 7 0.382683 -0.000000 0.923880
3 429 437 421 158 167 160 7 0.923880 -0.000000 0.382683
3 430 423 398 161 152 151 7 0.923880 0.000000 -0.382683
3 431 424 399 162 153 152 7 0.382683 0.000000 -0.923880
3 432 425 400 163 154 153 7 -0.382683 0.000000 -0.923880
3 433 426 401 164 155 154 7 -0.923880 0.000000 -0.382683
3 434 427 402 165 156 155 7 -0.923880 -0.000000 0.382683
3 435 428 403 166 157 156 7 -0.382684 -0.000000 0.923880
3 436 429 404 167 158 157 7 0.382683 -0.000000 0.923880
3 437 422 405 160 151 158 7 0.923880 -0.000000 0.382683
