8 18 12
-5.000000 -5.000000 -5.000000
5.000000 -5.000000 -5.000000
-5.000000 5.000000 -5.000000
5.000000 5.000000 -5.000000
-5.000000 -5.000000 5.000000
5.000000 -5.000000 5.000000
-5.000000 5.000000 5.000000
5.000000 5.000000 5.000000
0 1
0 2
1 3
2 3
4 5
4 6
5 7
6 7
0 4
1 5
2 6
3 7
0 3
5 6
4 2
1 7
4 1
2 7
3 0 2 12 0 1 3 2 0.000000 0.000000 -1.000000
3 3 1 12 3 2 0 2 0.000000 0.000000 -1.000000
3 4 5 13 5 4 6 2 0.000000 0.000000 1.000000
3 13 6 7 6 7 5 2 0.000000 0.000000 1.000000
3 14 8 1 4 0 2 2 -1.000000 0.000000 0.000000
3 10 14 5 2 6 4 2 -1.000000 -0.000000 -0.000000
3 15 6 9 1 5 7 2 1.000000 -0.000000 0.000000
3 15 2 11 7 3 1 2 1.000000 0.000000 -0.000000
3 16 9 4 4 5 1 2 -0.000000 -1.000000 -0.000000
3 16 8 0 1 0 4 2 0.000000 -1.000000 0.000000
3 17 11 3 2 3 7 2 0.000000 1.000000 -0.000000
3 17 10 7 7 6 2 2 -0.000000 1.000000 0.000000
