130 336 224
0.000000 -15.000000 -5.000000
5.000000 -15.000000 -5.000000
0.000000 5.000000 -5.000000
5.000000 5.000000 -5.000000
0.000000 -15.000000 5.000000
5.000000 -15.000000 5.000000
0.000000 5.000000 5.000000
5.000000 5.000000 5.000000
-8.000000 5.000000 -6.500000
8.000000 5.000000 -6.500000
-8.000000 7.000000 -6.500000
8.000000 7.000000 -6.500000
-8.000000 5.000000 6.500000
8.000000 5.000000 6.500000
-8.000000 7.000000 6.500000
8.000000 7.000000 6.500000
5.000000 -15.000000 -2.000000
15.000000 -15.000000 -2.000000
5.000000 -5.000000 -2.000000
5.000000 -15.000000 2.000000
15.000000 -15.000000 2.000000
5.000000 -5.000000 2.000000
0.000000 11.000000 -5.000000
4.000000 11.000000 -5.000000
2.828427 13.828427 -5.000000
0.000000 15.000000 -5.000000
-2.828427 13.828427 -5.000000
-4.000000 11.000000 -5.000000
-2.828427 8.171573 -5.000000
-0.000000 7.000000 -5.000000
2.828427 8.171573 -5.000000
0.000000 11.000000 -1.000000
4.000000 11.000000 -1.000000
2.828427 13.828427 -1.000000
0.000000 15.000000 -1.000000
-2.828427 13.828427 -1.000000
-4.000000 11.000000 -1.000000
-2.828427 8.171573 -1.000000
-0.000000 7.000000 -1.000000
2.828427 8.171573 -1.000000
0.000000 11.000000 1.000000
4.000000 11.000000 1.000000
2.828427 13.828427 1.000000
0.000000 15.000000 1.000000
-2.828427 13.828427 1.000000
-4.000000 11.000000 1.000000
-2.828427 8.171573 1.000000
-0.000000 7.000000 1.000000
2.828427 8.171573 1.000000
0.000000 11.000000 5.000000
4.000000 11.000000 5.000000
2.828427 13.828427 5.000000
0.000000 15.000000 5.000000
-2.828427 13.828427 5.000000
-4.000000 11.000000 5.000000
-2.828427 8.171573 5.000000
-0.000000 7.000000 5.000000
2.828427 8.171573 5.000000
0.000000 11.000000 -1.000000
2.000000 11.000000 -1.000000
1.414214 12.414214 -1.000000
0.000000 13.000000 -1.000000
-1.414214 12.414214 -1.000000
-2.000000 11.000000 -1.000000
-1.414214 9.585787 -1.000000
-0.000000 9.000000 -1.000000
1.414213 9.585786 -1.000000
0.000000 11.000000 1.000000
2.000000 11.000000 1.000000
1.414214 12.414214 1.000000
0.000000 13.000000 1.000000
-1.414214 12.414214 1.000000
-2.000000 11.000000 1.000000
-1.414214 9.585787 1.000000
-0.000000 9.000000 1.000000
1.414213 9.585786 1.000000
-6.000000 -15.000000 -4.500000
-5.000000 -15.000000 -4.500000
-5.292893 -15.000000 -5.207107
-6.000000 -15.000000 -5.500000
-6.707107 -15.000000 -5.207107
-7.000000 -15.000000 -4.500000
-6.707107 -15.000000 -3.792894
-6.000000 -15.000000 -3.500000
-5.292893 -15.000000 -3.792893
-6.000000 5.000000 -4.500000
-5.000000 5.000000 -4.500000
-5.292893 5.000000 -5.207107
-6.000000 5.000000 -5.500000
-6.707107 5.000000 -5.207107
-7.000000 5.000000 -4.500000
-6.707107 5.000000 -3.792893
-6.000000 5.000000 -3.500000
-5.292893 5.000000 -3.792893
-6.000000 -15.000000 -0.000000
-5.000000 -15.000000 -0.000000
-5.292893 -15.000000 -0.707107
-6.000000 -15.000000 -1.000000
-6.707107 -15.000000 -0.707107
-7.000000 -15.000000 -0.000000
-6.707107 -15.000000 0.707106
-6.000000 -15.000000 1.000000
-5.292893 -15.000000 0.707107
-6.000000 5.000000 0.000000
-5.000000 5.000000 0.000000
-5.292893 5.000000 -0.707107
-6.000000 5.000000 -1.000000
-6.707107 5.000000 -0.707107
-7.000000 5.000000 0.000000
-6.707107 5.000000 0.707107
-6.000000 5.000000 1.000000
-5.292893 5.000000 0.707107
-6.000000 -15.000000 4.500000
-5.000000 -15.000000 4.500000
-5.292893 -15.000000 3.792893
-6.000000 -15.000000 3.500000
-6.707107 -15.000000 3.792893
-7.000000 -15.000000 4.500000
-6.707107 -15.000000 5.207106
-6.000000 -15.000000 5.500000
-5.292893 -15.000000 5.207107
-6.000000 5.000000 4.500000
-5.000000 5.000000 4.500000
-5.292893 5.000000 3.792893
-6.000000 5.000000 3.500000
-6.707107 5.000000 3.792893
-7.000000 5.000000 4.500000
-6.707107 5.000000 5.207107
-6.000000 5.000000 5.500000
-5.292893 5.000000 5.207107
0 1
0 2
1 3
2 3
4 5
4 6
5 7
6 7
0 4
1 5
2 6
3 7
0 3
5 6
4 2
1 7
4 1
2 7
8 9
8 10
9 11
10 11
12 13
12 14
13 15
14 15
8 12
9 13
10 14
11 15
8 11
13 14
12 10
9 15
12 9
10 15
16 17
16 18
18 17
19 20
19 21
21 20
16 19
17 20
18 21
17 21
19 18
19 17
22 23
22 24
22 25
22 26
22 27
22 28
22 29
22 30
23 24
24 25
25 26
26 27
27 28
28 29
29 30
30 23
31 32
31 33
31 34
31 35
31 36
31 37
31 38
31 39
32 33
33 34
34 35
35 36
36 37
37 38
38 39
39 32
23 32
24 33
25 34
26 35
27 36
28 37
29 38
30 39
23 33
24 34
25 35
26 36
27 37
28 38
29 39
30 32
40 41
40 42
40 43
40 44
40 45
40 46
40 47
40 48
41 42
42 43
43 44
44 45
45 46
46 47
47 48
48 41
49 50
49 51
49 52
49 53
49 54
49 55
49 56
49 57
50 51
51 52
52 53
53 54
54 55
55 56
56 57
57 50
41 50
42 51
43 52
44 53
45 54
46 55
47 56
48 57
41 51
42 52
43 53
44 54
45 55
46 56
47 57
48 50
58 59
58 60
58 61
58 62
58 63
58 64
58 65
58 66
59 60
60 61
61 62
62 63
63 64
64 65
65 66
66 59
67 68
67 69
67 70
67 71
67 72
67 73
67 74
67 75
68 69
69 70
70 71
71 72
72 73
73 74
74 75
75 68
59 68
60 69
61 70
62 71
63 72
64 73
65 74
66 75
59 69
60 70
61 71
62 72
63 73
64 74
65 75
66 68
76 77
76 78
76 79
76 80
76 81
76 82
76 83
76 84
77 78
78 79
79 80
80 81
81 82
82 83
83 84
84 77
85 86
85 87
85 88
85 89
85 90
85 91
85 92
85 93
86 87
87 88
88 89
89 90
90 91
91 92
92 93
93 86
77 86
78 87
79 88
80 89
81 90
82 91
83 92
84 93
77 87
78 88
79 89
80 90
81 91
82 92
83 93
84 86
94 95
94 96
94 97
94 98
94 99
94 100
94 101
94 102
95 96
96 97
97 98
98 99
99 100
100 101
101 102
102 95
103 104
103 105
103 106
103 107
103 108
103 109
103 110
103 111
104 105
105 106
106 107
107 108
108 109
109 110
110 111
111 104
95 104
96 105
97 106
98 107
99 108
100 109
101 110
102 111
95 105
96 106
97 107
98 108
99 109
100 110
101 111
102 104
112 113
112 114
112 115
112 116
112 117
112 118
112 119
112 120
113 114
114 115
115 116
116 117
117 118
118 119
119 120
120 113
121 122
121 123
121 124
121 125
121 126
121 127
121 128
121 129
122 123
123 124
124 125
125 126
126 127
127 128
128 129
129 122
113 122
114 123
115 124
116 125
117 126
118 127
119 128
120 129
113 123
114 124
115 125
116 126
117 127
118 128
119 129
120 122
3 0 2 12 0 1 3 3 0.000000 0.000000 -1.000000
3 3 1 12 3 2 0 3 0.000000 0.000000 -1.000000
3 4 5 13 5 4 6 3 0.000000 0.000000 1.000000
3 13 6 7 6 7 5 3 0.000000 0.000000 1.000000
3 14 8 1 4 0 2 3 -1.000000 0.000000 0.000000
3 10 14 5 2 6 4 3 -1.000000 -0.000000 -0.000000
3 15 6 9 1 5 7 3 1.000000 -0.000000 0.000000
3 15 2 11 7 3 1 3 1.000000 0.000000 -0.000000
3 16 9 4 4 5 1 3 -0.000000 -1.000000 -0.000000
3 16 8 0 1 0 4 3 0.000000 -1.000000 0.000000
3 17 11 3 2 3 7 3 0.000000 1.000000 -0.000000
3 17 10 7 7 6 2 3 -0.000000 1.000000 0.000000
3 18 20 30 8 9 11 3 0.000000 0.000000 -1.000000
3 21 19 30 11 10 8 3 0.000000 0.000000 -1.000000
3 22 23 31 13 12 14 3 0.000000 0.000000 1.000000
3 31 24 25 14 15 13 3 0.000000 0.000000 1.000000
3 32 26 19 12 8 10 3 -1.000000 0.000000 0.000000
3 28 32 23 10 14 12 3 -1.000000 -0.000000 -0.000000
3 33 24 27 9 13 15 3 1.000000 -0.000000 0.000000
3 33 20 29 15 11 9 3 1.000000 0.000000 -0.000000
3 34 27 22 12 13 9 3 -0.000000 -1.000000 -0.000000
3 34 26 18 9 8 12 3 0.000000 -1.000000 0.000000
3 35 29 21 10 11 15 3 0.000000 1.000000 -0.000000
3 35 28 25 15 14 10 3 -0.000000 1.000000 0.000000
3 38 37 36 18 16 17 5 0.000000 0.000000 -1.000000
3 41 40 39 20 19 21 5 0.000000 0.000000 1.000000
3 46 37 42 19 16 18 5 -1.000000 0.000000 0.000000
3 46 40 44 18 21 19 5 -1.000000 -0.000000 -0.000000
3 47 43 39 19 20 17 5 -0.000000 -1.000000 -0.000000
3 47 42 36 17 16 19 5 0.000000 -1.000000 0.000000
3 45 41 43 17 20 21 5 0.707107 0.707107 0.000000
3 45 38 44 21 18 17 5 0.707107 0.707107 -0.000000
3 48 49 56 24 22 23 4 0.000000 0.000000 -1.000000
3 49 50 57 25 22 24 4 0.000000 0.000000 -1.000000
3 50 51 58 26 22 25 4 0.000000 0.000000 -1.000000
3 51 52 59 27 22 26 4 0.000000 0.000000 -1.000000
3 52 53 60 28 22 27 4 -0.000000 0.000000 -1.000000
3 53 54 61 29 22 28 4 0.000000 0.000000 -1.000000
3 54 55 62 30 22 29 4 0.000000 -0.000000 -1.000000
3 55 48 63 23 22 30 4 0.000000 0.000000 -1.000000
3 64 65 72 32 31 33 4 0.000000 0.000000 1.000000
3 65 66 73 33 31 34 4 0.000000 0.000000 1.000000
3 66 67 74 34 31 35 4 0.000000 -0.000000 1.000000
3 67 68 75 35 31 36 4 0.000000 0.000000 1.000000
3 68 69 76 36 31 37 4 0.000000 0.000000 1.000000
3 69 70 77 37 31 38 4 0.000000 0.000000 1.000000
3 70 71 78 38 31 39 4 0.000000 0.000000 1.000000
3 71 64 79 39 31 32 4 -0.000000 0.000000 1.000000
3 80 88 72 23 32 33 4 0.923880 0.382683 0.000000
3 81 89 73 24 33 34 4 0.382683 0.923880 0.000000
3 82 90 74 25 34 35 4 -0.382683 0.923880 0.000000
3 83 91 75 26 35 36 4 -0.923880 0.382683 0.000000
3 84 92 76 27 36 37 4 -0.923880 -0.382683 -0.000000
3 85 93 77 28 37 38 4 -0.382684 -0.923880 -0.000000
3 86 94 78 29 38 39 4 0.382683 -0.923880 0.000000
3 87 95 79 30 39 32 4 0.923880 -0.382683 0.000000
3 88 81 56 33 24 23 4 0.923880 0.382683 -0.000000
3 89 82 57 34 25 24 4 0.382683 0.923880 -0.000000
3 90 83 58 35 26 25 4 -0.382683 0.923880 0.000000
3 91 84 59 36 27 26 4 -0.923880 0.382683 0.000000
3 92 85 60 37 28 27 4 -0.923880 -0.382683 0.000000
3 93 86 61 38 29 28 4 -0.382684 -0.923880 0.000000
3 94 87 62 39 30 29 4 0.382683 -0.923880 0.000000
3 95 80 63 32 23 30 4 0.923880 -0.382683 0.000000
3 96 97 104 42 40 41 4 0.000000 0.000000 -1.000000
3 97 98 105 43 40 42 4 0.000000 0.000000 -1.000000
3 98 99 106 44 40 43 4 0.000000 0.000000 -1.000000
3 99 100 107 45 40 44 4 0.000000 0.000000 -1.000000
3 100 101 108 46 40 45 4 -0.000000 0.000000 -1.000000
3 101 102 109 47 40 46 4 0.000000 0.000000 -1.000000
3 102 103 110 48 40 47 4 0.000000 -0.000000 -1.000000
3 103 96 111 41 40 48 4 0.000000 0.000000 -1.000000
3 112 113 120 50 49 51 4 0.000000 0.000000 1.000000
3 113 114 121 51 49 52 4 0.000000 0.000000 1.000000
3 114 115 122 52 49 53 4 0.000000 -0.000000 1.000000
3 115 116 123 53 49 54 4 0.000000 0.000000 1.000000
3 116 117 124 54 49 55 4 0.000000 0.000000 1.000000
3 117 118 125 55 49 56 4 0.000000 0.000000 1.000000
3 118 119 126 56 49 57 4 0.000000 0.000000 1.000000
3 119 112 127 57 49 50 4 -0.000000 0.000000 1.000000
3 128 136 120 41 50 51 4 0.923880 0.382683 0.000000
3 129 137 121 42 51 52 4 0.382683 0.923880 0.000000
3 130 138 122 43 52 53 4 -0.382683 0.923880 0.000000
3 131 139 123 44 53 54 4 -0.923880 0.382683 0.000000
3 132 140 124 45 54 55 4 -0.923880 -0.382683 -0.000000
3 133 141 125 46 55 56 4 -0.382684 -0.923880 -0.000000
3 134 142 126 47 56 57 4 0.382683 -0.923880 0.000000
3 135 143 127 48 57 50 4 0.923880 -0.382683 0.000000
3 136 129 104 51 42 41 4 0.923880 0.382683 -0.000000
3 137 130 105 52 43 42 4 0.382683 0.923880 -0.000000
3 138 131 106 53 44 43 4 -0.382683 0.923880 0.000000
3 139 132 107 54 45 44 4 -0.923880 0.382683 0.000000
3 140 133 108 55 46 45 4 -0.923880 -0.382683 0.000000
3 141 134 109 56 47 46 4 -0.382684 -0.923880 0.000000
3 142 135 110 57 48 47 4 0.382683 -0.923880 0.000000
3 143 128 111 50 41 48 4 0.923880 -0.382683 0.000000
3 144 145 152 60 58 59 6 0.000000 0.000000 -1.000000
3 145 146 153 61 58 60 6 0.000000 0.000000 -1.000000
3 146 147 154 62 58 61 6 0.000000 0.000000 -1.000000
3 147 148 155 63 58 62 6 0.000000 0.000000 -1.000000
3 148 149 156 64 58 63 6 -0.000000 0.000000 -1.000000
3 149 150 157 65 58 64 6 0.000000 0.000000 -1.000000
3 150 151 158 66 58 65 6 0.000000 -0.000000 -1.000000
3 151 144 159 59 58 66 6 0.000000 0.000000 -1.000000
3 160 161 168 68 67 69 6 0.000000 0.000000 1.000000
3 161 162 169 69 67 70 6 0.000000 0.000000 1.000000
3 162 163 170 70 67 71 6 0.000000 -0.000000 1.000000
3 163 164 171 71 67 72 6 0.000000 0.000000 1.000000
3 164 165 172 72 67 73 6 0.000000 0.000000 1.000000
3 165 166 173 73 67 74 6 0.000000 0.000000 1.000000
3 166 167 174 74 67 75 6 0.000000 0.000000 1.000000
3 167 160 175 75 67 68 6 -0.000000 0.000000 1.000000
3 176 184 168 59 68 69 6 0.923880 0.382683 0.000000
3 177 185 169 60 69 70 6 0.382683 0.923880 0.000000
3 178 186 170 61 70 71 6 -0.382683 0.923880 0.000000
3 179 187 171 62 71 72 6 -0.923880 0.382683 0.000000
3 180 188 172 63 72 73 6 -0.923880 -0.382683 -0.000000
3 181 189 173 64 73 74 6 -0.382684 -0.923880 -0.000000
3 182 190 174 65 74 75 6 0.382683 -0.923880 0.000000
3 183 191 175 66 75 68 6 0.923880 -0.382683 0.000000
3 184 177 152 69 60 59 6 0.923880 0.382683 -0.000000
3 185 178 153 70 61 60 6 0.382683 0.923880 -0.000000
3 186 179 154 71 62 61 6 -0.382683 0.923880 0.000000
3 187 180 155 72 63 62 6 -0.923880 0.382683 0.000000
3 188 181 156 73 64 63 6 -0.923880 -0.382683 0.000000
3 189 182 157 74 65 64 6 -0.382684 -0.923880 0.000000
3 190 183 158 75 66 65 6 0.382683 -0.923880 0.000000
3 191 176 159 68 59 66 6 0.923880 -0.382683 0.000000
3 192 193 200 78 76 77 7 0.000000 -1.000000 -0.000000
3 193 194 201 79 76 78 7 -0.000000 -1.000000 -0.000000
3 194 195 202 80 76 79 7 0.000000 -1.000000 -0.000000
3 195 196 203 81 76 80 7 -0.000000 -1.000000 -0.000000
3 196 197 204 82 76 81 7 -0.000000 -1.000000 -0.000000
3 197 198 205 83 76 82 7 -0.000000 -1.000000 -0.000000
3 198 199 206 84 76 83 7 0.000000 -1.000000 -0.000000
3 199 192 207 77 76 84 7 0.000000 -1.000000 -0.000000
3 208 209 216 86 85 87 7 -0.000000 1.000000 0.000000
3 209 210 217 87 85 88 7 0.000000 1.000000 0.000000
3 210 211 218 88 85 89 7 -0.000000 1.000000 0.000000
3 211 212 219 89 85 90 7 0.000000 1.000000 0.000000
3 212 213 220 90 85 91 7 0.000000 1.000000 0.000000
3 213 214 221 91 85 92 7 0.000000 1.000000 0.000000
3 214 215 222 92 85 93 7 -0.000000 1.000000 0.000000
3 215 208 223 93 85 86 7 -0.000000 1.000000 0.000000
3 224 232 216 77 86 87 7 0.923880 0.000000 -0.382683
3 225 233 217 78 87 88 7 0.382683 0.000000 -0.923880
3 226 234 218 79 88 89 7 -0.382683 0.000000 -0.923880
3 227 235 219 80 89 90 7 -0.923880 0.000000 -0.382683
3 228 236 220 81 90 91 7 -0.923880 -0.000000 0.382683
3 229 237 221 82 91 92 7 -0.382684 -0.000000 0.923880
3 230 238 222 83 92 93 7 0.382683 -0.000000 0.923880
3 231 239 223 84 93 86 7 0.923880 -0.000000 0.382683
3 232 225 200 87 78 77 7 0.923880 0.000000 -0.382683
3 233 226 201 88 79 78 7 0.382683 0.000000 -0.923880
3 234 227 202 89 80 79 7 -0.382683 0.000000 -0.923880
3 235 228 203 90 81 80 7 -0.923880 0.000000 -0.382683
3 236 229 204 91 82 81 7 -0.923880 -0.000000 0.382683
3 237 230 205 92 83 82 7 -0.382684 -0.000000 0.923880
3 238 231 206 93 84 83 7 0.382683 -0.000000 0.923880
3 239 224 207 86 77 84 7 0.923880 -0.000000 0.382683
3 240 241 248 96 94 95 7 0.000000 -1.000000 -0.000000
3 241 242 249 97 94 96 7 -0.000000 -1.000000 -0.000000
3 242 243 250 98 94 97 7 0.000000 -1.000000 -0.000000
3 243 244 251 99 94 98 7 -0.000000 -1.000000 -0.000000
3 244 245 252 100 94 99 7 -0.000000 -1.000000 -0.000000
3 245 246 253 101 94 100 7 -0.000000 -1.000000 -0.000000
3 246 247 254 102 94 101 7 0.000000 -1.000000 -0.000000
3 247 240 255 95 94 102 7 0.000000 -1.000000 -0.000000
3 256 257 264 104 103 105 7 -0.000000 1.000000 0.000000
3 257 258 265 105 103 106 7 0.000000 1.000000 0.000000
3 258 259 266 106 103 107 7 -0.000000 1.000000 0.000000
3 259 260 267 107 103 108 7 0.000000 1.000000 0.000000
3 260 261 268 108 103 109 7 0.000000 1.000000 0.000000
3 261 262 269 109 103 110 7 0.000000 1.000000 0.000000
3 262 263 270 110 103 111 7 -0.000000 1.000000 0.000000
3 263 256 271 111 103 104 7 -0.000000 1.000000 0.000000
3 272 280 264 95 104 105 7 0.923880 0.000000 -0.382683
3 273 281 265 96 105 106 7 0.382683 0.000000 -0.923880
3 274 282 266 97 106 107 7 -0.382683 0.000000 -0.923880
3 275 283 267 98 107 108 7 -0.923880 0.000000 -0.382683
3 276 284 268 99 108 109 7 -0.923880 -0.000000 0.382683
3 277 285 269 100 109 110 7 -0.382684 -0.000000 0.923880
3 278 286 270 101 110 111 7 0.382683 -0.000000 0.923880
3 279 287 271 102 111 104 7 0.923880 -0.000000 0.382683
3 280 273 248 105 96 95 7 0.923880 0.000000 -0.382683
3 281 274 249 106 97 96 7 0.382683 0.000000 -0.923880
3 282 275 250 107 98 97 7 -0.382683 0.000000 -0.923880
3 283 276 251 108 99 98 7 -0.923880 0.000000 -0.382683
3 284 277 252 109 100 99 7 -0.923880 -0.000000 0.382683
3 285 278 253 110 101 100 7 -0.382684 -0.000000 0.923880
3 286 279 254 111 102 101 7 0.382683 -0.000000 0.923880
3 287 272 255 104 95 102 7 0.923880 -0.000000 0.382683
3 288 289 296 114 112 113 7 0.000000 -1.000000 -0.000000
3 289 290 297 115 112 114 7 -0.000000 -1.000000 -0.000000
3 290 291 298 116 112 115 7 0.000000 -1.000000 -0.000000
3 291 292 299 117 112 116 7 -0.000000 -1.000000 -0.000000
3 292 293 300 118 112 117 7 -0.000000 -1.000000 -0.000000
3 293 294 301 119 112 118 7 -0.000000 -1.000000 -0.000000
3 294 295 302 120 112 119 7 0.000000 -1.000000 -0.000000
3 295 288 303 113 112 120 7 0.000000 -1.000000 -0.000000
3 304 305 312 122 121 123 7 -0.000000 1.000000 0.000000
3 305 306 313 123 121 124 7 0.000000 1.000000 0.000000
3 306 307 314 124 121 125 7 -0.000000 1.000000 0.000000
3 307 308 315 125 121 126 7 0.000000 1.000000 0.000000
3 308 309 316 126 121 127 7 0.000000 1.000000 0.000000
3 309 310 317 127 121 128 7 0.000000 1.000000 0.000000
3 310 311 318 128 121 129 7 -0.000000 1.000000 0.000000
3 311 304 319 129 121 122 7 -0.000000 1.000000 0.000000
3 320 328 312 113 122 123 7 0.923880 0.000000 -0.382683
3 321 329 313 114 123 124 7 0.382683 0.000000 -0.923880
3 322 330 314 115 124 125 7 -0.382683 0.000000 -0.923880
3 323 331 315 116 125 126 7 -0.923880 0.000000 -0.382683
3 324 332 316 117 126 127 7 -0.923880 -0.000000 0.382683
3 325 333 317 118 127 128 7 -0.382684 -0.000000 0.923880
3 326 334 318 119 128 129 7 0.382683 -0.000000 0.923880
3 327 335 319 120 129 122 7 0.923880 -0.000000 0.382683
3 328 321 296 123 114 113 7 0.923880 0.000000 -0.382683
3 329 322 297 124 115 114 7 0.382683 0.000000 -0.923880
3 330 323 298 125 116 115 7 -0.382683 0.000000 -0.923880
3 331 324 299 126 117 116 7 -0.923880 0.000000 -0.382683
3 332 325 300 127 118 117 7 -0.923880 -0.000000 0.382683
3 333 326 301 128 119 118 7 -0.382684 -0.000000 0.923880
3 334 327 302 129 120 119 7 0.382683 -0.000000 0.923880
3 335 320 303 122 113 120 7 0.923880 -0.000000 0.382683
